20
34468440 999999 12347 9699690 9748872 378288879 843875938 672672191 643425609
3 1 3 3 3 1 0 1 1
1581945094 9999991 1 9999991 9999989 159999857 489999556 549999396 719999209
967137226678506093 9999987 1 10000000 999999 90000001 639999998 26999974 440999568
1511881142 123 1 10000000 10000000 1 850000000 360000001 470000002
907005781191085944 1 5 9999949 9999991 839995717 809995867 459999587 579999478
94563103 1 5 9999949 9999991 419997859 389998009 149999866 279999748
95658191 9999991 1 9999991 9999989 259999767 659999403 989998912 909999000
739825879172045328 2683878 7208112 2912862 8898138 631358954 451401022 51028288 625542185
523223149082128364 158568 991720 2994044 1181676 376610494 650869357 336623539 620070320
33104500 9999909 9999991 9999949 10000000 329998318 499997447 650000001 490000002
1530944270 123456 557 9988776 1025 559372110 918968142 802729910 688062000
1783585506 9999987 1 10000000 999999 990000001 79999998 868999132 81999927
905104693315080537 9999909 9999991 9999949 10000000 649996686 729996274 470000001 920000002
13 5 7 5 9 1 3 2 5
1555193042 9999991 1 9999991 9999989 259999767 19999980 239999737 679999252
21226979124954459 1992450 782255 2704224 4505616 370983767 153300418 852618302 706520016
962024073147815594 9999991 1 9999991 9999989 129999884 899999187 979998923 129999859
299896237124947938 681206 164538 2280874 981991 416793690 904023823 813682336 774801135
1664735681 1 5 9999949 9999991 599996941 719996326 159999857 579999478
